100 20 100 0.382065 0.672976 0.735294
100 20 120 0.382065 0.672976 0.735294
100 20 140 0.382065 0.672976 0.735294
100 20 160 0.382065 0.672976 0.735294
100 20 180 0.382065 0.672976 0.735294
100 20 200 0.382065 0.672976 0.735294
100 20 220 0.382065 0.672976 0.735294
100 20 240 0.382065 0.672976 0.735294
100 20 260 0.382065 0.672976 0.735294
100 20 280 0.382065 0.672976 0.735294
100 20 300 0.382065 0.672976 0.735294
100 20 320 0.382065 0.672976 0.735294
100 20 340 0.382065 0.672976 0.735294
100 20 360 0.382065 0.672976 0.735294
100 20 380 0.382065 0.672976 0.735294
100 20 400 0.382065 0.672976 0.735294
100 20 420 0.382065 0.672976 0.735294
100 20 440 0.382065 0.672976 0.735294
100 20 460 0.382065 0.672976 0.735294
100 20 480 0.382065 0.672976 0.735294
100 20 500 0.382065 0.672976 0.735294
100 20 520 0.382065 0.672976 0.735294
100 20 540 0.382065 0.672976 0.735294
100 20 560 0.382065 0.672976 0.735294
120 20 100 0.382065 0.672976 0.735294
120 20 120 0.382065 0.672976 0.735294
120 20 140 0.382065 0.672976 0.735294
120 20 160 0.382065 0.672976 0.735294
120 20 180 0.382065 0.672976 0.735294
120 20 200 0.382065 0.672976 0.735294
120 20 220 0.382065 0.672976 0.735294
120 20 240 0.382065 0.672976 0.735294
120 20 260 0.382065 0.672976 0.735294
120 20 280 0.382065 0.672976 0.735294
120 20 300 0.382065 0.672976 0.735294
120 20 320 0.382065 0.672976 0.735294
120 20 340 0.382065 0.672976 0.735294
120 20 360 0.382065 0.672976 0.735294
120 20 380 0.382065 0.672976 0.735294
120 20 400 0.382065 0.672976 0.735294
120 20 420 0.382065 0.672976 0.735294
120 20 440 0.382065 0.672976 0.735294
120 20 460 0.382065 0.672976 0.735294
120 20 480 0.382065 0.672976 0.735294
120 20 500 0.382065 0.672976 0.735294
120 20 520 0.382065 0.672976 0.735294
120 20 540 0.382065 0.672976 0.735294
120 20 560 0.382065 0.672976 0.735294
140 20 100 0.382065 0.672976 0.735294
140 20 120 0.382065 0.672976 0.735294
140 20 140 0.382065 0.672976 0.735294
140 20 160 0.382065 0.672976 0.735294
140 20 180 0.382065 0.672976 0.735294
140 20 200 0.382065 0.672976 0.735294
140 20 220 0.382065 0.672976 0.735294
140 20 240 0.382065 0.672976 0.735294
140 20 260 0.382065 0.672976 0.735294
140 20 280 0.382065 0.672976 0.735294
140 20 300 0.382065 0.672976 0.735294
140 20 320 0.382065 0.672976 0.735294
140 20 340 0.382065 0.672976 0.735294
140 20 360 0.382065 0.672976 0.735294
140 20 380 0.382065 0.672976 0.735294
140 20 400 0.382065 0.672976 0.735294
140 20 420 0.382065 0.672976 0.735294
140 20 440 0.382065 0.672976 0.735294
140 20 460 0.382065 0.672976 0.735294
140 20 480 0.382065 0.672976 0.735294
140 20 500 0.382065 0.672976 0.735294
140 20 520 0.382065 0.672976 0.735294
140 20 540 0.382065 0.672976 0.735294
140 20 560 0.382065 0.672976 0.735294
160 20 100 0.382065 0.672976 0.735294
160 20 120 0.382065 0.672976 0.735294
160 20 140 0.382065 0.672976 0.735294
160 20 160 0.382065 0.672976 0.735294
160 20 180 0.382065 0.672976 0.735294
160 20 200 0.382065 0.672976 0.735294
160 20 220 0.382065 0.672976 0.735294
160 20 240 0.382065 0.672976 0.735294
160 20 260 0.382065 0.672976 0.735294
160 20 280 0.382065 0.672976 0.735294
160 20 300 0.382065 0.672976 0.735294
160 20 320 0.382065 0.672976 0.735294
160 20 340 0.382065 0.672976 0.735294
160 20 360 0.382065 0.672976 0.735294
160 20 380 0.382065 0.672976 0.735294
160 20 400 0.382065 0.672976 0.735294
160 20 420 0.382065 0.672976 0.735294
160 20 440 0.382065 0.672976 0.735294
160 20 460 0.382065 0.672976 0.735294
160 20 480 0.382065 0.672976 0.735294
160 20 500 0.382065 0.672976 0.735294
160 20 520 0.382065 0.672976 0.735294
160 20 540 0.382065 0.672976 0.735294
160 20 560 0.382065 0.672976 0.735294
180 20 100 0.382065 0.672976 0.735294
180 20 120 0.382065 0.672976 0.735294
180 20 140 0.382065 0.672976 0.735294
180 20 160 0.382065 0.672976 0.735294
180 20 180 0.382065 0.672976 0.735294
180 20 200 0.382065 0.672976 0.735294
180 20 220 0.382065 0.672976 0.735294
180 20 240 0.382065 0.672976 0.735294
180 20 260 0.382065 0.672976 0.735294
180 20 280 0.382065 0.672976 0.735294
180 20 300 0.382065 0.672976 0.735294
180 20 320 0.382065 0.672976 0.735294
180 20 340 0.382065 0.672976 0.735294
180 20 360 0.382065 0.672976 0.735294
180 20 380 0.382065 0.672976 0.735294
180 20 400 0.382065 0.672976 0.735294
180 20 420 0.382065 0.672976 0.735294
180 20 440 0.382065 0.672976 0.735294
180 20 460 0.382065 0.672976 0.735294
180 20 480 0.382065 0.672976 0.735294
180 20 500 0.382065 0.672976 0.735294
180 20 520 0.382065 0.672976 0.735294
180 20 540 0.382065 0.672976 0.735294
180 20 560 0.382065 0.672976 0.735294
200 20 100 0.382065 0.672976 0.735294
200 20 120 0.382065 0.672976 0.735294
200 20 140 0.382065 0.672976 0.735294
200 20 160 0.382065 0.672976 0.735294
200 20 180 0.382065 0.672976 0.735294
200 20 200 0.382065 0.672976 0.735294
200 20 220 0.382065 0.672976 0.735294
200 20 240 0.382065 0.672976 0.735294
200 20 260 0.382065 0.672976 0.735294
200 20 280 0.382065 0.672976 0.735294
200 20 300 0.382065 0.672976 0.735294
200 20 320 0.382065 0.672976 0.735294
200 20 340 0.382065 0.672976 0.735294
200 20 360 0.382065 0.672976 0.735294
200 20 380 0.382065 0.672976 0.735294
200 20 400 0.382065 0.672976 0.735294
200 20 420 0.382065 0.672976 0.735294
200 20 440 0.382065 0.672976 0.735294
200 20 460 0.382065 0.672976 0.735294
200 20 480 0.382065 0.672976 0.735294
200 20 500 0.382065 0.672976 0.735294
200 20 520 0.382065 0.672976 0.735294
200 20 540 0.382065 0.672976 0.735294
200 20 560 0.382065 0.672976 0.735294
220 20 100 0.382065 0.672976 0.735294
220 20 120 0.382065 0.672976 0.735294
220 20 140 0.382065 0.672976 0.735294
220 20 160 0.382065 0.672976 0.735294
220 20 180 0.382065 0.672976 0.735294
220 20 200 0.382065 0.672976 0.735294
220 20 220 0.382065 0.672976 0.735294
220 20 240 0.382065 0.672976 0.735294
220 20 260 0.382065 0.672976 0.735294
220 20 280 0.382065 0.672976 0.735294
220 20 300 0.382065 0.672976 0.735294
220 20 320 0.382065 0.672976 0.735294
220 20 340 0.382065 0.672976 0.735294
220 20 360 0.382065 0.672976 0.735294
220 20 380 0.382065 0.672976 0.735294
220 20 400 0.382065 0.672976 0.735294
220 20 420 0.382065 0.672976 0.735294
220 20 440 0.382065 0.672976 0.735294
220 20 460 0.382065 0.672976 0.735294
220 20 480 0.382065 0.672976 0.735294
220 20 500 0.382065 0.672976 0.735294
220 20 520 0.382065 0.672976 0.735294
220 20 540 0.382065 0.672976 0.735294
220 20 560 0.382065 0.672976 0.735294
240 20 100 0.382065 0.672976 0.735294
240 20 120 0.382065 0.672976 0.735294
240 20 140 0.382065 0.672976 0.735294
240 20 160 0.382065 0.672976 0.735294
240 20 180 0.382065 0.672976 0.735294
240 20 200 0.382065 0.672976 0.735294
240 20 220 0.382065 0.672976 0.735294
240 20 240 0.382065 0.672976 0.735294
240 20 260 0.382065 0.672976 0.735294
240 20 280 0.382065 0.672976 0.735294
240 20 300 0.382065 0.672976 0.735294
240 20 320 0.382065 0.672976 0.735294
240 20 340 0.382065 0.672976 0.735294
240 20 360 0.382065 0.672976 0.735294
240 20 380 0.382065 0.672976 0.735294
240 20 400 0.382065 0.672976 0.735294
240 20 420 0.382065 0.672976 0.735294
240 20 440 0.382065 0.672976 0.735294
240 20 460 0.382065 0.672976 0.735294
240 20 480 0.382065 0.672976 0.735294
240 20 500 0.382065 0.672976 0.735294
240 20 520 0.382065 0.672976 0.735294
240 20 540 0.382065 0.672976 0.735294
240 20 560 0.382065 0.672976 0.735294
260 20 100 0.382065 0.672976 0.735294
260 20 120 0.382065 0.672976 0.735294
260 20 140 0.382065 0.672976 0.735294
260 20 160 0.382065 0.672976 0.735294
260 20 180 0.382065 0.672976 0.735294
260 20 200 0.382065 0.672976 0.735294
260 20 220 0.382065 0.672976 0.735294
260 20 240 0.382065 0.672976 0.735294
260 20 260 0.382065 0.672976 0.735294
260 20 280 0.382065 0.672976 0.735294
260 20 300 0.382065 0.672976 0.735294
260 20 320 0.382065 0.672976 0.735294
260 20 340 0.382065 0.672976 0.735294
260 20 360 0.382065 0.672976 0.735294
260 20 380 0.382065 0.672976 0.735294
260 20 400 0.382065 0.672976 0.735294
260 20 420 0.382065 0.672976 0.735294
260 20 440 0.382065 0.672976 0.735294
260 20 460 0.382065 0.672976 0.735294
260 20 480 0.382065 0.672976 0.735294
260 20 500 0.382065 0.672976 0.735294
260 20 520 0.382065 0.672976 0.735294
260 20 540 0.382065 0.672976 0.735294
260 20 560 0.382065 0.672976 0.735294
280 20 100 0.382065 0.672976 0.735294
280 20 120 0.382065 0.672976 0.735294
280 20 140 0.382065 0.672976 0.735294
280 20 160 0.382065 0.672976 0.735294
280 20 180 0.382065 0.672976 0.735294
280 20 200 0.382065 0.672976 0.735294
280 20 220 0.382065 0.672976 0.735294
280 20 240 0.382065 0.672976 0.735294
280 20 260 0.382065 0.672976 0.735294
280 20 280 0.382065 0.672976 0.735294
280 20 300 0.382065 0.672976 0.735294
280 20 320 0.382065 0.672976 0.735294
280 20 340 0.382065 0.672976 0.735294
280 20 360 0.382065 0.672976 0.735294
280 20 380 0.382065 0.672976 0.735294
280 20 400 0.382065 0.672976 0.735294
280 20 420 0.382065 0.672976 0.735294
280 20 440 0.382065 0.672976 0.735294
280 20 460 0.382065 0.672976 0.735294
280 20 480 0.382065 0.672976 0.735294
280 20 500 0.382065 0.672976 0.735294
280 20 520 0.382065 0.672976 0.735294
280 20 540 0.382065 0.672976 0.735294
280 20 560 0.382065 0.672976 0.735294
300 20 440 0.382065 0.672976 0.735294
320 20 440 0.382065 0.672976 0.735294
320 20 460 0.382065 0.672976 0.735294
320 20 480 0.382065 0.672976 0.735294
320 20 500 0.382065 0.672976 0.735294
320 20 520 0.382065 0.672976 0.735294
320 20 540 0.382065 0.672976 0.735294
320 20 560 0.382065 0.672976 0.735294
340 20 440 0.382065 0.672976 0.735294
340 20 460 0.382065 0.672976 0.735294
340 20 480 0.382065 0.672976 0.735294
340 20 500 0.382065 0.672976 0.735294
340 20 520 0.382065 0.672976 0.735294
340 20 540 0.382065 0.672976 0.735294
340 20 560 0.382065 0.672976 0.735294
360 20 440 0.382065 0.672976 0.735294
360 20 460 0.382065 0.672976 0.735294
360 20 480 0.382065 0.672976 0.735294
360 20 500 0.382065 0.672976 0.735294
360 20 520 0.382065 0.672976 0.735294
360 20 540 0.382065 0.672976 0.735294
360 20 560 0.382065 0.672976 0.735294
380 20 440 0.382065 0.672976 0.735294
380 20 460 0.382065 0.672976 0.735294
380 20 480 0.382065 0.672976 0.735294
380 20 500 0.382065 0.672976 0.735294
380 20 520 0.382065 0.672976 0.735294
380 20 540 0.382065 0.672976 0.735294
380 20 560 0.382065 0.672976 0.735294
300 20 460 0.382065 0.672976 0.735294
300 20 480 0.382065 0.672976 0.735294
300 20 500 0.382065 0.672976 0.735294
300 20 520 0.382065 0.672976 0.735294
300 20 540 0.382065 0.672976 0.735294
300 20 560 0.382065 0.672976 0.735294
300 20 420 0.918397 0.960784 0.953215
320 20 420 0.918397 0.960784 0.953215
340 20 420 0.918397 0.960784 0.953215
360 20 420 0.918397 0.960784 0.953215
380 20 420 0.918397 0.960784 0.953215
380 40 420 0.917676 0.931373 0.931097
300 40 420 0.918397 0.960784 0.953215
320 40 420 0.918397 0.960784 0.953215
340 40 420 0.918397 0.960784 0.953215
360 40 420 0.918397 0.960784 0.953215
400 20 420 0.918397 0.960784 0.953215
400 20 440 0.274507 0.27451 0.274509
400 20 460 0.274507 0.27451 0.274509
400 20 480 0.274507 0.27451 0.274509
400 20 500 0.274507 0.27451 0.274509
400 20 520 0.274507 0.27451 0.274509
400 20 540 0.274507 0.27451 0.274509
400 20 560 0.274507 0.27451 0.274509
400 20 580 0.274507 0.27451 0.274509
100 20 580 0.274507 0.27451 0.274509
120 20 580 0.274507 0.27451 0.274509
140 20 580 0.274507 0.27451 0.274509
160 20 580 0.274507 0.27451 0.274509
180 20 580 0.274507 0.27451 0.274509
200 20 580 0.274507 0.27451 0.274509
220 20 580 0.918397 0.960784 0.953215
240 20 580 0.918397 0.960784 0.953215
260 20 580 0.426759 0.470588 0.469299
280 20 580 0.426759 0.470588 0.469299
300 20 580 0.426759 0.470588 0.469299
320 20 580 0.918397 0.960784 0.953215
340 20 580 0.274507 0.27451 0.274509
360 20 580 0.274507 0.27451 0.274509
380 20 580 0.274507 0.27451 0.274509
80 20 580 0.274507 0.27451 0.274509
80 20 80 0.274507 0.27451 0.274509
80 20 100 0.274507 0.27451 0.274509
80 20 120 0.274507 0.27451 0.274509
80 20 140 0.274507 0.27451 0.274509
80 20 160 0.274507 0.27451 0.274509
80 20 180 0.274507 0.27451 0.274509
80 20 200 0.274507 0.27451 0.274509
80 20 220 0.274507 0.27451 0.274509
80 20 240 0.274507 0.27451 0.274509
80 20 260 0.274507 0.27451 0.274509
80 20 280 0.274507 0.27451 0.274509
80 20 300 0.274507 0.27451 0.274509
80 20 320 0.274507 0.27451 0.274509
80 20 340 0.274507 0.27451 0.274509
80 20 360 0.274507 0.27451 0.274509
80 20 380 0.274507 0.27451 0.274509
80 20 400 0.274507 0.27451 0.274509
80 20 420 0.274507 0.27451 0.274509
80 20 440 0.274507 0.27451 0.274509
80 20 460 0.274507 0.27451 0.274509
80 20 480 0.274507 0.27451 0.274509
80 20 500 0.274507 0.27451 0.274509
80 20 520 0.274507 0.27451 0.274509
80 20 540 0.274507 0.27451 0.274509
80 20 560 0.274507 0.27451 0.274509
100 20 80 0.274507 0.27451 0.274509
120 20 80 0.274507 0.27451 0.274509
140 20 80 0.274507 0.27451 0.274509
160 20 80 0.274507 0.27451 0.274509
180 20 80 0.274507 0.27451 0.274509
200 20 80 0.274507 0.27451 0.274509
220 20 80 0.274507 0.27451 0.274509
240 20 80 0.274507 0.27451 0.274509
260 20 80 0.274507 0.27451 0.274509
280 20 80 0.274507 0.27451 0.274509
300 20 80 0.274507 0.27451 0.274509
320 20 80 0.274507 0.27451 0.274509
340 20 80 0.274507 0.27451 0.274509
360 20 80 0.274507 0.27451 0.274509
380 20 80 0.274507 0.27451 0.274509
420 20 80 0.274507 0.27451 0.274509
440 20 80 0.274507 0.27451 0.274509
460 20 80 0.274507 0.27451 0.274509
480 20 80 0.274507 0.27451 0.274509
500 20 80 0.274507 0.27451 0.274509
520 20 80 0.274507 0.27451 0.274509
540 20 80 0.274507 0.27451 0.274509
560 20 80 0.274507 0.27451 0.274509
580 20 80 0.274507 0.27451 0.274509
600 20 80 0.274507 0.27451 0.274509
600 20 100 0.274507 0.27451 0.274509
600 20 120 0.274507 0.27451 0.274509
600 20 140 0.274507 0.27451 0.274509
600 20 160 0.274507 0.27451 0.274509
600 20 180 0.274507 0.27451 0.274509
600 20 200 0.274507 0.27451 0.274509
600 20 220 0.274507 0.27451 0.274509
600 20 240 0.274507 0.27451 0.274509
600 20 260 0.274507 0.27451 0.274509
600 20 280 0.274507 0.27451 0.274509
600 20 300 0.274507 0.27451 0.274509
600 20 320 0.274507 0.27451 0.274509
600 20 340 0.274507 0.27451 0.274509
600 20 360 0.274507 0.27451 0.274509
600 20 380 0.274507 0.27451 0.274509
600 20 400 0.274507 0.27451 0.274509
600 20 420 0.274507 0.27451 0.274509
420 20 420 0.274507 0.27451 0.274509
440 20 420 0.274507 0.27451 0.274509
460 20 420 0.274507 0.27451 0.274509
480 20 420 0.274507 0.27451 0.274509
500 20 420 0.274507 0.27451 0.274509
520 20 420 0.274507 0.27451 0.274509
540 20 420 0.274507 0.27451 0.274509
560 20 420 0.274507 0.27451 0.274509
580 20 420 0.274507 0.27451 0.274509
400 20 80 0.274507 0.27451 0.274509
240 40 420 0.918397 0.960784 0.953215
80 40 420 0.918397 0.960784 0.953215
100 40 420 0.918397 0.960784 0.953215
120 40 420 0.918397 0.960784 0.953215
140 40 420 0.918397 0.960784 0.953215
160 40 420 0.918397 0.960784 0.953215
180 40 420 0.918397 0.960784 0.953215
200 40 420 0.918397 0.960784 0.953215
220 40 420 0.918397 0.960784 0.953215
80 40 440 0.918397 0.960784 0.953215
80 40 460 0.918397 0.960784 0.953215
80 40 480 0.918397 0.960784 0.953215
80 40 500 0.918397 0.960784 0.953215
80 40 520 0.918397 0.960784 0.953215
80 40 540 0.918397 0.960784 0.953215
80 40 560 0.918397 0.960784 0.953215
80 40 580 0.918397 0.960784 0.953215
240 40 580 0.918397 0.960784 0.953215
100 40 580 0.918397 0.960784 0.953215
120 40 580 0.918397 0.960784 0.953215
140 40 580 0.918397 0.960784 0.953215
160 40 580 0.918397 0.960784 0.953215
180 40 580 0.918397 0.960784 0.953215
200 40 580 0.918397 0.960784 0.953215
220 40 580 0.918397 0.960784 0.953215
320 40 580 0.918397 0.960784 0.953215
340 40 580 0.918397 0.960784 0.953215
360 40 580 0.918397 0.960784 0.953215
380 40 580 0.918397 0.960784 0.953215
400 40 580 0.918397 0.960784 0.953215
400 40 560 0.918397 0.960784 0.953215
400 40 420 0.918397 0.960784 0.953215
400 40 440 0.918397 0.960784 0.953215
400 40 460 0.918397 0.960784 0.953215
400 40 480 0.918397 0.960784 0.953215
400 40 500 0.918397 0.960784 0.953215
400 40 520 0.918397 0.960784 0.953215
400 40 540 0.918397 0.960784 0.953215
420 40 420 0.918397 0.960784 0.953215
440 40 420 0.918397 0.960784 0.953215
460 40 420 0.918397 0.960784 0.953215
480 40 420 0.918397 0.960784 0.953215
500 40 420 0.918397 0.960784 0.953215
520 40 420 0.918397 0.960784 0.953215
540 40 420 0.918397 0.960784 0.953215
560 40 420 0.918397 0.960784 0.953215
580 40 420 0.918397 0.960784 0.953215
600 40 420 0.918397 0.960784 0.953215
600 40 400 0.918397 0.960784 0.953215
600 40 80 0.918397 0.960784 0.953215
600 40 100 0.918397 0.960784 0.953215
600 40 120 0.918397 0.960784 0.953215
600 40 140 0.918397 0.960784 0.953215
600 40 160 0.918397 0.960784 0.953215
600 40 180 0.918397 0.960784 0.953215
600 40 200 0.918397 0.960784 0.953215
600 40 220 0.918397 0.960784 0.953215
600 40 240 0.918397 0.960784 0.953215
600 40 260 0.918397 0.960784 0.953215
600 40 280 0.918397 0.960784 0.953215
600 40 300 0.918397 0.960784 0.953215
600 40 320 0.918397 0.960784 0.953215
600 40 340 0.918397 0.960784 0.953215
600 40 360 0.918397 0.960784 0.953215
600 40 380 0.918397 0.960784 0.953215
580 40 80 0.918397 0.960784 0.953215
80 40 80 0.918397 0.960784 0.953215
120 40 80 0.918397 0.960784 0.953215
140 40 80 0.918397 0.960784 0.953215
160 40 80 0.918397 0.960784 0.953215
180 40 80 0.918397 0.960784 0.953215
200 40 80 0.918397 0.960784 0.953215
220 40 80 0.918397 0.960784 0.953215
240 40 80 0.918397 0.960784 0.953215
260 40 80 0.918397 0.960784 0.953215
280 40 80 0.918397 0.960784 0.953215
300 40 80 0.918397 0.960784 0.953215
320 40 80 0.918397 0.960784 0.953215
340 40 80 0.918397 0.960784 0.953215
360 40 80 0.918397 0.960784 0.953215
380 40 80 0.918397 0.960784 0.953215
400 40 80 0.918397 0.960784 0.953215
420 40 80 0.918397 0.960784 0.953215
440 40 80 0.917676 0.931373 0.931097
460 40 80 0.918397 0.960784 0.953215
480 40 80 0.918397 0.960784 0.953215
500 40 80 0.918397 0.960784 0.953215
520 40 80 0.918397 0.960784 0.953215
540 40 80 0.918397 0.960784 0.953215
560 40 80 0.918397 0.960784 0.953215
80 40 100 0.918397 0.960784 0.953215
80 40 120 0.918397 0.960784 0.953215
80 40 140 0.918397 0.960784 0.953215
80 40 160 0.918397 0.960784 0.953215
80 40 180 0.918397 0.960784 0.953215
80 40 200 0.918397 0.960784 0.953215
80 40 220 0.918397 0.960784 0.953215
80 40 240 0.918397 0.960784 0.953215
80 40 260 0.918397 0.960784 0.953215
80 40 280 0.918397 0.960784 0.953215
80 40 300 0.918397 0.960784 0.953215
80 40 320 0.918397 0.960784 0.953215
80 40 340 0.918397 0.960784 0.953215
80 40 360 0.918397 0.960784 0.953215
80 40 380 0.918397 0.960784 0.953215
80 40 400 0.918397 0.960784 0.953215
300 40 400 0.918397 0.960784 0.953215
300 20 280 0.918397 0.960784 0.953215
300 20 300 0.918397 0.960784 0.953215
300 20 320 0.918397 0.960784 0.953215
300 20 340 0.918397 0.960784 0.953215
300 20 360 0.918397 0.960784 0.953215
300 20 380 0.918397 0.960784 0.953215
300 20 400 0.918397 0.960784 0.953215
300 40 280 0.918397 0.960784 0.953215
300 40 300 0.918397 0.960784 0.953215
300 40 320 0.918397 0.960784 0.953215
300 40 340 0.918397 0.960784 0.953215
300 40 360 0.918397 0.960784 0.953215
300 40 380 0.918397 0.960784 0.953215
300 40 100 0.918397 0.960784 0.953215
300 20 100 0.918397 0.960784 0.953215
300 20 120 0.918397 0.960784 0.953215
300 20 140 0.918397 0.960784 0.953215
300 20 160 0.918397 0.960784 0.953215
300 20 180 0.918397 0.960784 0.953215
300 20 200 0.918397 0.960784 0.953215
300 20 220 0.918397 0.960784 0.953215
300 40 120 0.918397 0.960784 0.953215
300 40 140 0.918397 0.960784 0.953215
300 40 160 0.918397 0.960784 0.953215
300 40 180 0.918397 0.960784 0.953215
300 40 200 0.918397 0.960784 0.953215
300 40 220 0.918397 0.960784 0.953215
300 20 240 0.394127 0.578431 0.573011
300 20 260 0.394127 0.578431 0.573011
320 20 100 0.394127 0.578431 0.573011
320 20 120 0.394127 0.578431 0.573011
320 20 140 0.394127 0.578431 0.573011
320 20 160 0.394127 0.578431 0.573011
320 20 180 0.394127 0.578431 0.573011
320 20 200 0.394127 0.578431 0.573011
320 20 220 0.394127 0.578431 0.573011
320 20 240 0.394127 0.578431 0.573011
320 20 260 0.394127 0.578431 0.573011
320 20 280 0.394127 0.578431 0.573011
320 20 300 0.394127 0.578431 0.573011
320 20 320 0.394127 0.578431 0.573011
320 20 340 0.394127 0.578431 0.573011
320 20 360 0.394127 0.578431 0.573011
320 20 380 0.394127 0.578431 0.573011
320 20 400 0.394127 0.578431 0.573011
340 20 100 0.394127 0.578431 0.573011
340 20 120 0.394127 0.578431 0.573011
340 20 140 0.394127 0.578431 0.573011
340 20 160 0.394127 0.578431 0.573011
340 20 180 0.394127 0.578431 0.573011
340 20 200 0.394127 0.578431 0.573011
340 20 220 0.394127 0.578431 0.573011
340 20 240 0.394127 0.578431 0.573011
340 20 260 0.394127 0.578431 0.573011
340 20 280 0.394127 0.578431 0.573011
340 20 300 0.394127 0.578431 0.573011
340 20 320 0.394127 0.578431 0.573011
340 20 340 0.394127 0.578431 0.573011
340 20 360 0.394127 0.578431 0.573011
340 20 380 0.394127 0.578431 0.573011
340 20 400 0.394127 0.578431 0.573011
360 20 100 0.394127 0.578431 0.573011
360 20 120 0.394127 0.578431 0.573011
360 20 140 0.394127 0.578431 0.573011
360 20 160 0.394127 0.578431 0.573011
360 20 180 0.394127 0.578431 0.573011
360 20 200 0.394127 0.578431 0.573011
360 20 220 0.394127 0.578431 0.573011
360 20 240 0.394127 0.578431 0.573011
360 20 260 0.394127 0.578431 0.573011
360 20 280 0.394127 0.578431 0.573011
360 20 300 0.394127 0.578431 0.573011
360 20 320 0.394127 0.578431 0.573011
360 20 340 0.394127 0.578431 0.573011
360 20 360 0.394127 0.578431 0.573011
360 20 380 0.394127 0.578431 0.573011
360 20 400 0.394127 0.578431 0.573011
380 20 100 0.394127 0.578431 0.573011
380 20 120 0.394127 0.578431 0.573011
380 20 140 0.394127 0.578431 0.573011
380 20 160 0.394127 0.578431 0.573011
380 20 180 0.394127 0.578431 0.573011
380 20 200 0.394127 0.578431 0.573011
380 20 220 0.394127 0.578431 0.573011
380 20 240 0.394127 0.578431 0.573011
380 20 260 0.388889 0.583333 0.57942
380 20 280 0.394127 0.578431 0.573011
380 20 300 0.388889 0.583333 0.57942
380 20 320 0.388889 0.583333 0.57942
380 20 340 0.394127 0.578431 0.573011
380 20 360 0.394127 0.578431 0.573011
380 20 380 0.394127 0.578431 0.573011
380 20 400 0.394127 0.578431 0.573011
400 20 100 0.394127 0.578431 0.573011
400 20 120 0.394127 0.578431 0.573011
400 20 140 0.394127 0.578431 0.573011
400 20 160 0.394127 0.578431 0.573011
400 20 180 0.394127 0.578431 0.573011
400 20 200 0.394127 0.578431 0.573011
400 20 220 0.394127 0.578431 0.573011
400 20 240 0.394127 0.578431 0.573011
400 20 260 0.388889 0.583333 0.57942
400 20 280 0.388889 0.583333 0.57942
400 20 300 0.388889 0.583333 0.57942
400 20 320 0.388889 0.583333 0.57942
400 20 340 0.388889 0.583333 0.57942
400 20 360 0.394127 0.578431 0.573011
400 20 380 0.394127 0.578431 0.573011
400 20 400 0.394127 0.578431 0.573011
420 20 100 0.394127 0.578431 0.573011
420 20 120 0.394127 0.578431 0.573011
420 20 140 0.394127 0.578431 0.573011
420 20 160 0.394127 0.578431 0.573011
420 20 180 0.394127 0.578431 0.573011
420 20 200 0.394127 0.578431 0.573011
420 20 220 0.394127 0.578431 0.573011
420 20 240 0.394127 0.578431 0.573011
420 20 260 0.388889 0.583333 0.57942
420 20 280 0.388889 0.583333 0.57942
420 20 300 0.388889 0.583333 0.57942
420 20 320 0.388889 0.583333 0.57942
420 20 340 0.388889 0.583333 0.57942
420 20 360 0.394127 0.578431 0.573011
420 20 380 0.394127 0.578431 0.573011
420 20 400 0.394127 0.578431 0.573011
440 20 100 0.394127 0.578431 0.573011
440 20 120 0.394127 0.578431 0.573011
440 20 140 0.394127 0.578431 0.573011
440 20 160 0.394127 0.578431 0.573011
440 20 180 0.394127 0.578431 0.573011
440 20 200 0.394127 0.578431 0.573011
440 20 220 0.394127 0.578431 0.573011
440 20 240 0.394127 0.578431 0.573011
440 20 260 0.388889 0.583333 0.57942
440 20 280 0.416811 0.578431 0.573678
440 20 300 0.388889 0.583333 0.57942
440 20 320 0.388889 0.583333 0.57942
440 20 340 0.388889 0.583333 0.57942
440 20 360 0.394127 0.578431 0.573011
440 20 380 0.394127 0.578431 0.573011
440 20 400 0.394127 0.578431 0.573011
460 20 100 0.394127 0.578431 0.573011
460 20 120 0.394127 0.578431 0.573011
460 20 140 0.394127 0.578431 0.573011
460 20 160 0.394127 0.578431 0.573011
460 20 180 0.394127 0.578431 0.573011
460 20 200 0.394127 0.578431 0.573011
460 20 220 0.394127 0.578431 0.573011
460 20 240 0.394127 0.578431 0.573011
460 20 260 0.388889 0.583333 0.57942
460 20 280 0.388889 0.583333 0.57942
460 20 300 0.388889 0.583333 0.57942
460 20 320 0.388889 0.583333 0.57942
460 20 340 0.388889 0.583333 0.57942
460 20 360 0.394127 0.578431 0.573011
460 20 380 0.394127 0.578431 0.573011
460 20 400 0.394127 0.578431 0.573011
480 20 100 0.394127 0.578431 0.573011
480 20 120 0.394127 0.578431 0.573011
480 20 140 0.394127 0.578431 0.573011
480 20 160 0.394127 0.578431 0.573011
480 20 180 0.394127 0.578431 0.573011
480 20 200 0.394127 0.578431 0.573011
480 20 220 0.394127 0.578431 0.573011
480 20 240 0.394127 0.578431 0.573011
480 20 260 0.394127 0.578431 0.573011
480 20 280 0.388889 0.583333 0.57942
480 20 300 0.388889 0.583333 0.57942
480 20 320 0.388889 0.583333 0.57942
480 20 340 0.388889 0.583333 0.57942
480 20 360 0.394127 0.578431 0.573011
480 20 380 0.394127 0.578431 0.573011
480 20 400 0.394127 0.578431 0.573011
500 20 100 0.394127 0.578431 0.573011
500 20 120 0.394127 0.578431 0.573011
500 20 140 0.394127 0.578431 0.573011
500 20 160 0.394127 0.578431 0.573011
500 20 180 0.394127 0.578431 0.573011
500 20 200 0.394127 0.578431 0.573011
500 20 220 0.394127 0.578431 0.573011
500 20 240 0.394127 0.578431 0.573011
500 20 280 0.388889 0.583333 0.57942
500 20 300 0.388889 0.583333 0.57942
500 20 320 0.388889 0.583333 0.57942
500 20 340 0.388889 0.583333 0.57942
500 20 360 0.394127 0.578431 0.573011
500 20 380 0.394127 0.578431 0.573011
500 20 400 0.394127 0.578431 0.573011
520 20 100 0.394127 0.578431 0.573011
520 20 120 0.394127 0.578431 0.573011
520 20 140 0.394127 0.578431 0.573011
520 20 160 0.394127 0.578431 0.573011
520 20 180 0.394127 0.578431 0.573011
520 20 200 0.394127 0.578431 0.573011
520 20 220 0.394127 0.578431 0.573011
520 20 240 0.394127 0.578431 0.573011
520 20 260 0.388889 0.583333 0.57942
520 20 280 0.388889 0.583333 0.57942
520 20 300 0.388889 0.583333 0.57942
520 20 320 0.388889 0.583333 0.57942
520 20 340 0.388889 0.583333 0.57942
520 20 360 0.394127 0.578431 0.573011
520 20 380 0.394127 0.578431 0.573011
520 20 400 0.394127 0.578431 0.573011
540 20 100 0.394127 0.578431 0.573011
540 20 120 0.394127 0.578431 0.573011
540 20 140 0.394127 0.578431 0.573011
540 20 180 0.394127 0.578431 0.573011
540 20 200 0.394127 0.578431 0.573011
540 20 220 0.394127 0.578431 0.573011
540 20 240 0.394127 0.578431 0.573011
540 20 260 0.388889 0.583333 0.57942
540 20 280 0.388889 0.583333 0.57942
540 20 300 0.388889 0.583333 0.57942
540 20 320 0.388889 0.583333 0.57942
540 20 340 0.388889 0.583333 0.57942
540 20 360 0.388889 0.583333 0.57942
540 20 380 0.394127 0.578431 0.573011
540 20 400 0.394127 0.578431 0.573011
560 20 100 0.394127 0.578431 0.573011
560 20 120 0.394127 0.578431 0.573011
560 20 140 0.394127 0.578431 0.573011
560 20 160 0.394127 0.578431 0.573011
560 20 180 0.394127 0.578431 0.573011
560 20 200 0.394127 0.578431 0.573011
560 20 220 0.394127 0.578431 0.573011
560 20 240 0.394127 0.578431 0.573011
560 20 260 0.394127 0.578431 0.573011
560 20 280 0.394127 0.578431 0.573011
560 20 300 0.394127 0.578431 0.573011
560 20 320 0.388889 0.583333 0.57942
560 20 340 0.394127 0.578431 0.573011
560 20 360 0.394127 0.578431 0.573011
560 20 380 0.394127 0.578431 0.573011
560 20 400 0.394127 0.578431 0.573011
580 20 100 0.394127 0.578431 0.573011
580 20 120 0.394127 0.578431 0.573011
580 20 140 0.394127 0.578431 0.573011
580 20 160 0.394127 0.578431 0.573011
580 20 180 0.394127 0.578431 0.573011
580 20 200 0.394127 0.578431 0.573011
580 20 220 0.394127 0.578431 0.573011
580 20 240 0.394127 0.578431 0.573011
580 20 260 0.394127 0.578431 0.573011
580 20 280 0.394127 0.578431 0.573011
580 20 300 0.394127 0.578431 0.573011
580 20 320 0.394127 0.578431 0.573011
580 20 340 0.394127 0.578431 0.573011
580 20 360 0.394127 0.578431 0.573011
580 20 380 0.394127 0.578431 0.573011
580 20 400 0.394127 0.578431 0.573011
240 20 600 0.426759 0.470588 0.469299
320 20 620 0.376346 0.401961 0.4013
260 20 600 0.426759 0.470588 0.469299
260 20 620 0.426759 0.470588 0.469299
280 20 600 0.426759 0.470588 0.469299
280 20 620 0.426759 0.470588 0.469299
300 20 600 0.426759 0.470588 0.469299
300 20 620 0.426759 0.470588 0.469299
320 20 600 0.376346 0.401961 0.4013
240 20 620 0.426759 0.470588 0.469299
300 40 580 0.913687 0.95098 0.949883
220 20 600 0.376346 0.401961 0.4013
220 20 620 0.376346 0.401961 0.4013
80 60 580 0.917676 0.931373 0.931097
80 80 580 0.917676 0.931373 0.931097
100 60 580 0.917676 0.931373 0.931097
120 60 580 0.917676 0.931373 0.931097
140 60 580 0.917676 0.931373 0.931097
160 60 580 0.917676 0.931373 0.931097
180 60 580 0.917676 0.931373 0.931097
200 60 580 0.917676 0.931373 0.931097
220 60 580 0.917676 0.931373 0.931097
240 60 580 0.917676 0.931373 0.931097
100 80 580 0.917676 0.931373 0.931097
220 80 580 0.917676 0.931373 0.931097
240 80 580 0.917676 0.931373 0.931097
300 60 580 0.917676 0.931373 0.931097
320 60 580 0.917676 0.931373 0.931097
340 60 580 0.917676 0.931373 0.931097
360 60 580 0.917676 0.931373 0.931097
380 60 580 0.917676 0.931373 0.931097
400 60 580 0.917676 0.931373 0.931097
400 60 420 0.917676 0.931373 0.931097
400 60 440 0.917676 0.931373 0.931097
400 60 460 0.917676 0.931373 0.931097
400 60 480 0.917676 0.931373 0.931097
400 60 500 0.917676 0.931373 0.931097
400 60 520 0.917676 0.931373 0.931097
400 60 540 0.917676 0.931373 0.931097
400 60 560 0.917676 0.931373 0.931097
400 80 420 0.917676 0.931373 0.931097
400 80 440 0.917676 0.931373 0.931097
400 80 460 0.917676 0.931373 0.931097
400 80 480 0.917676 0.931373 0.931097
400 80 500 0.917676 0.931373 0.931097
400 80 520 0.917676 0.931373 0.931097
400 80 540 0.917676 0.931373 0.931097
400 80 560 0.917676 0.931373 0.931097
400 80 580 0.917676 0.931373 0.931097
300 80 580 0.917676 0.931373 0.931097
320 80 580 0.917676 0.931373 0.931097
380 80 580 0.917676 0.931373 0.931097
600 60 420 0.917676 0.931373 0.931097
600 80 420 0.917676 0.931373 0.931097
600 100 420 0.917676 0.931373 0.931097
600 120 420 0.917676 0.931373 0.931097
580 120 420 0.917676 0.931373 0.931097
440 60 420 0.917676 0.931373 0.931097
460 60 420 0.917676 0.931373 0.931097
480 60 420 0.917676 0.931373 0.931097
500 60 420 0.917676 0.931373 0.931097
520 60 420 0.917676 0.931373 0.931097
540 60 420 0.917676 0.931373 0.931097
560 60 420 0.917676 0.931373 0.931097
580 60 420 0.917676 0.931373 0.931097
440 80 420 0.917676 0.931373 0.931097
500 80 420 0.917676 0.931373 0.931097
520 80 420 0.917676 0.931373 0.931097
580 80 420 0.917676 0.931373 0.931097
440 100 420 0.917676 0.931373 0.931097
500 100 420 0.917676 0.931373 0.931097
520 100 420 0.917676 0.931373 0.931097
580 100 420 0.917676 0.931373 0.931097
440 120 420 0.917676 0.931373 0.931097
460 120 420 0.917676 0.931373 0.931097
480 120 420 0.917676 0.931373 0.931097
500 120 420 0.917676 0.931373 0.931097
520 120 420 0.917676 0.931373 0.931097
540 120 420 0.917676 0.931373 0.931097
560 120 420 0.917676 0.931373 0.931097
420 60 420 0.917676 0.931373 0.931097
420 80 420 0.917676 0.931373 0.931097
420 100 420 0.917676 0.931373 0.931097
420 120 420 0.899558 0.936275 0.929889
400 100 420 0.917676 0.931373 0.931097
400 120 420 0.917676 0.931373 0.931097
400 120 440 0.917676 0.931373 0.931097
400 100 440 0.917676 0.931373 0.931097
400 100 460 0.917676 0.931373 0.931097
400 100 480 0.917676 0.931373 0.931097
400 100 500 0.917676 0.931373 0.931097
400 100 520 0.917676 0.931373 0.931097
400 100 540 0.917676 0.931373 0.931097
400 100 560 0.917676 0.931373 0.931097
400 100 580 0.917676 0.931373 0.931097
400 120 460 0.917676 0.931373 0.931097
400 120 480 0.917676 0.931373 0.931097
400 120 500 0.917676 0.931373 0.931097
400 120 520 0.917676 0.931373 0.931097
400 120 540 0.917676 0.931373 0.931097
400 120 560 0.917676 0.931373 0.931097
400 120 580 0.917676 0.931373 0.931097
380 120 580 0.917676 0.931373 0.931097
300 100 580 0.917676 0.931373 0.931097
320 100 580 0.917676 0.931373 0.931097
380 100 580 0.917676 0.931373 0.931097
300 120 580 0.917676 0.931373 0.931097
320 120 580 0.917676 0.931373 0.931097
340 120 580 0.917676 0.931373 0.931097
360 120 580 0.917676 0.931373 0.931097
240 100 580 0.917676 0.931373 0.931097
240 120 580 0.917676 0.931373 0.931097
220 120 580 0.917676 0.931373 0.931097
80 100 580 0.917676 0.931373 0.931097
100 100 580 0.917676 0.931373 0.931097
220 100 580 0.917676 0.931373 0.931097
80 120 580 0.917676 0.931373 0.931097
100 120 580 0.917676 0.931373 0.931097
120 120 580 0.917676 0.931373 0.931097
140 120 580 0.917676 0.931373 0.931097
160 120 580 0.917676 0.931373 0.931097
180 120 580 0.917676 0.931373 0.931097
200 120 580 0.917676 0.931373 0.931097
80 120 560 0.917676 0.931373 0.931097
80 60 80 0.917676 0.931373 0.931097
80 60 100 0.917676 0.931373 0.931097
80 60 120 0.917676 0.931373 0.931097
80 60 140 0.917676 0.931373 0.931097
80 60 160 0.917676 0.931373 0.931097
80 60 180 0.917676 0.931373 0.931097
80 60 200 0.917676 0.931373 0.931097
80 60 220 0.917676 0.931373 0.931097
80 60 240 0.917676 0.931373 0.931097
80 60 260 0.917676 0.931373 0.931097
80 60 280 0.917676 0.931373 0.931097
80 60 300 0.917676 0.931373 0.931097
80 60 320 0.917676 0.931373 0.931097
80 60 340 0.917676 0.931373 0.931097
80 60 360 0.917676 0.931373 0.931097
80 60 380 0.917676 0.931373 0.931097
80 60 400 0.917676 0.931373 0.931097
80 60 420 0.917676 0.931373 0.931097
80 60 440 0.917676 0.931373 0.931097
80 60 460 0.917676 0.931373 0.931097
80 60 480 0.917676 0.931373 0.931097
80 60 500 0.917676 0.931373 0.931097
80 60 520 0.917676 0.931373 0.931097
80 60 540 0.917676 0.931373 0.931097
80 60 560 0.917676 0.931373 0.931097
80 80 80 0.917676 0.931373 0.931097
80 80 100 0.917676 0.931373 0.931097
80 80 120 0.917676 0.931373 0.931097
80 80 140 0.917676 0.931373 0.931097
80 80 200 0.917676 0.931373 0.931097
80 80 220 0.917676 0.931373 0.931097
80 80 240 0.917676 0.931373 0.931097
80 80 260 0.917676 0.931373 0.931097
80 80 280 0.917676 0.931373 0.931097
80 80 300 0.917676 0.931373 0.931097
80 80 320 0.917676 0.931373 0.931097
80 80 340 0.917676 0.931373 0.931097
80 80 360 0.917676 0.931373 0.931097
80 80 380 0.917676 0.931373 0.931097
80 80 400 0.917676 0.931373 0.931097
80 80 420 0.917676 0.931373 0.931097
80 80 440 0.917676 0.931373 0.931097
80 80 460 0.917676 0.931373 0.931097
80 80 540 0.917676 0.931373 0.931097
80 80 560 0.917676 0.931373 0.931097
80 100 80 0.917676 0.931373 0.931097
80 100 100 0.917676 0.931373 0.931097
80 100 120 0.917676 0.931373 0.931097
80 100 140 0.917676 0.931373 0.931097
80 100 200 0.917676 0.931373 0.931097
80 100 220 0.917676 0.931373 0.931097
80 100 240 0.917676 0.931373 0.931097
80 100 260 0.917676 0.931373 0.931097
80 100 280 0.917676 0.931373 0.931097
80 100 300 0.917676 0.931373 0.931097
80 100 320 0.917676 0.931373 0.931097
80 100 340 0.917676 0.931373 0.931097
80 100 360 0.917676 0.931373 0.931097
80 100 380 0.917676 0.931373 0.931097
80 100 400 0.917676 0.931373 0.931097
80 100 420 0.917676 0.931373 0.931097
80 100 440 0.917676 0.931373 0.931097
80 100 460 0.917676 0.931373 0.931097
80 100 540 0.917676 0.931373 0.931097
80 100 560 0.917676 0.931373 0.931097
80 120 80 0.917676 0.931373 0.931097
80 120 100 0.917676 0.931373 0.931097
80 120 120 0.917676 0.931373 0.931097
80 120 140 0.917676 0.931373 0.931097
80 120 160 0.917676 0.931373 0.931097
80 120 180 0.917676 0.931373 0.931097
80 120 200 0.917676 0.931373 0.931097
80 120 220 0.917676 0.931373 0.931097
80 120 240 0.917676 0.931373 0.931097
80 120 260 0.917676 0.931373 0.931097
80 120 280 0.917676 0.931373 0.931097
80 120 300 0.917676 0.931373 0.931097
80 120 320 0.917676 0.931373 0.931097
80 120 340 0.917676 0.931373 0.931097
80 120 360 0.917676 0.931373 0.931097
80 120 380 0.917676 0.931373 0.931097
80 120 400 0.917676 0.931373 0.931097
80 120 420 0.917676 0.931373 0.931097
80 120 440 0.917676 0.931373 0.931097
80 120 460 0.917676 0.931373 0.931097
80 120 480 0.917676 0.931373 0.931097
80 120 500 0.917676 0.931373 0.931097
80 120 520 0.917676 0.931373 0.931097
80 120 540 0.917676 0.931373 0.931097
100 120 80 0.917676 0.931373 0.931097
100 60 80 0.917676 0.931373 0.931097
120 60 80 0.917676 0.931373 0.931097
140 60 80 0.917676 0.931373 0.931097
160 60 80 0.917676 0.931373 0.931097
180 60 80 0.917676 0.931373 0.931097
200 60 80 0.917676 0.931373 0.931097
220 60 80 0.917676 0.931373 0.931097
240 60 80 0.917676 0.931373 0.931097
260 60 80 0.917676 0.931373 0.931097
280 60 80 0.917676 0.931373 0.931097
300 60 80 0.917676 0.931373 0.931097
320 60 80 0.917676 0.931373 0.931097
340 60 80 0.917676 0.931373 0.931097
360 60 80 0.917676 0.931373 0.931097
380 60 80 0.917676 0.931373 0.931097
400 60 80 0.917676 0.931373 0.931097
420 60 80 0.917676 0.931373 0.931097
440 60 80 0.917676 0.931373 0.931097
460 60 80 0.917676 0.931373 0.931097
480 60 80 0.917676 0.931373 0.931097
500 60 80 0.917676 0.931373 0.931097
520 60 80 0.917676 0.931373 0.931097
540 60 80 0.917676 0.931373 0.931097
560 60 80 0.917676 0.931373 0.931097
580 60 80 0.917676 0.931373 0.931097
600 60 80 0.917676 0.931373 0.931097
100 80 80 0.917676 0.931373 0.931097
120 80 80 0.917676 0.931373 0.931097
140 80 80 0.917676 0.931373 0.931097
160 80 80 0.917676 0.931373 0.931097
180 80 80 0.917676 0.931373 0.931097
200 80 80 0.917676 0.931373 0.931097
220 80 80 0.917676 0.931373 0.931097
240 80 80 0.917676 0.931373 0.931097
260 80 80 0.917676 0.931373 0.931097
280 80 80 0.917676 0.931373 0.931097
300 80 80 0.917676 0.931373 0.931097
320 80 80 0.917676 0.931373 0.931097
340 80 80 0.917676 0.931373 0.931097
360 80 80 0.917676 0.931373 0.931097
380 80 80 0.917676 0.931373 0.931097
400 80 80 0.917676 0.931373 0.931097
420 80 80 0.917676 0.931373 0.931097
440 80 80 0.917676 0.931373 0.931097
500 80 80 0.917676 0.931373 0.931097
520 80 80 0.917676 0.931373 0.931097
580 80 80 0.917676 0.931373 0.931097
600 80 80 0.917676 0.931373 0.931097
100 100 80 0.917676 0.931373 0.931097
120 100 80 0.917676 0.931373 0.931097
140 100 80 0.917676 0.931373 0.931097
160 100 80 0.917676 0.931373 0.931097
180 100 80 0.917676 0.931373 0.931097
200 100 80 0.917676 0.931373 0.931097
220 100 80 0.917676 0.931373 0.931097
240 100 80 0.917676 0.931373 0.931097
260 100 80 0.917676 0.931373 0.931097
280 100 80 0.917676 0.931373 0.931097
300 100 80 0.917676 0.931373 0.931097
320 100 80 0.917676 0.931373 0.931097
340 100 80 0.917676 0.931373 0.931097
360 100 80 0.917676 0.931373 0.931097
380 100 80 0.917676 0.931373 0.931097
400 100 80 0.917676 0.931373 0.931097
420 100 80 0.917676 0.931373 0.931097
440 100 80 0.917676 0.931373 0.931097
500 100 80 0.917676 0.931373 0.931097
520 100 80 0.917676 0.931373 0.931097
580 100 80 0.917676 0.931373 0.931097
600 100 80 0.917676 0.931373 0.931097
120 120 80 0.917676 0.931373 0.931097
140 120 80 0.917676 0.931373 0.931097
160 120 80 0.917676 0.931373 0.931097
200 120 80 0.917676 0.931373 0.931097
220 120 80 0.917676 0.931373 0.931097
240 120 80 0.917676 0.931373 0.931097
260 120 80 0.917676 0.931373 0.931097
280 120 80 0.917676 0.931373 0.931097
300 120 80 0.917676 0.931373 0.931097
320 120 80 0.917676 0.931373 0.931097
340 120 80 0.917676 0.931373 0.931097
360 120 80 0.917676 0.931373 0.931097
380 120 80 0.917676 0.931373 0.931097
400 120 80 0.917676 0.931373 0.931097
420 120 80 0.917676 0.931373 0.931097
460 120 80 0.917676 0.931373 0.931097
480 120 80 0.917676 0.931373 0.931097
500 120 80 0.917676 0.931373 0.931097
520 120 80 0.917676 0.931373 0.931097
540 120 80 0.917676 0.931373 0.931097
560 120 80 0.917676 0.931373 0.931097
580 120 80 0.917676 0.931373 0.931097
600 120 80 0.917676 0.931373 0.931097
600 120 100 0.917676 0.931373 0.931097
600 60 100 0.917676 0.931373 0.931097
600 60 120 0.917676 0.931373 0.931097
600 60 140 0.917676 0.931373 0.931097
600 60 160 0.917676 0.931373 0.931097
600 60 180 0.917676 0.931373 0.931097
600 60 200 0.917676 0.931373 0.931097
600 60 220 0.917676 0.931373 0.931097
600 60 240 0.917676 0.931373 0.931097
600 60 260 0.917676 0.931373 0.931097
600 60 280 0.917676 0.931373 0.931097
600 60 300 0.917676 0.931373 0.931097
600 60 320 0.917676 0.931373 0.931097
600 60 340 0.917676 0.931373 0.931097
600 60 360 0.917676 0.931373 0.931097
600 60 380 0.917676 0.931373 0.931097
600 60 400 0.917676 0.931373 0.931097
600 80 100 0.917676 0.931373 0.931097
600 80 160 0.917676 0.931373 0.931097
600 80 180 0.917676 0.931373 0.931097
600 80 200 0.917676 0.931373 0.931097
600 80 220 0.917676 0.931373 0.931097
600 80 280 0.917676 0.931373 0.931097
600 80 300 0.917676 0.931373 0.931097
600 80 320 0.917676 0.931373 0.931097
600 80 340 0.917676 0.931373 0.931097
600 80 400 0.917676 0.931373 0.931097
600 100 100 0.917676 0.931373 0.931097
600 100 160 0.917676 0.931373 0.931097
600 100 180 0.917676 0.931373 0.931097
600 100 200 0.917676 0.931373 0.931097
600 100 220 0.917676 0.931373 0.931097
600 100 280 0.917676 0.931373 0.931097
600 100 300 0.917676 0.931373 0.931097
600 100 320 0.917676 0.931373 0.931097
600 100 340 0.917676 0.931373 0.931097
600 100 400 0.917676 0.931373 0.931097
600 120 120 0.917676 0.931373 0.931097
600 120 140 0.917676 0.931373 0.931097
600 120 160 0.917676 0.931373 0.931097
600 120 180 0.917676 0.931373 0.931097
600 120 200 0.917676 0.931373 0.931097
600 120 220 0.917676 0.931373 0.931097
600 120 240 0.917676 0.931373 0.931097
600 120 260 0.917676 0.931373 0.931097
600 120 280 0.917676 0.931373 0.931097
600 120 300 0.917676 0.931373 0.931097
600 120 320 0.917676 0.931373 0.931097
600 120 340 0.917676 0.931373 0.931097
600 120 360 0.917676 0.931373 0.931097
600 120 380 0.917676 0.931373 0.931097
600 120 400 0.917676 0.931373 0.931097
500 20 260 0.388889 0.583333 0.57942
540 20 160 0.388889 0.583333 0.57942
380 60 420 0.862168 0.901961 0.90116
380 120 420 0.862168 0.901961 0.90116
300 60 420 0.862168 0.901961 0.90116
320 60 420 0.862168 0.901961 0.90116
340 60 420 0.862168 0.901961 0.90116
360 60 420 0.862168 0.901961 0.90116
300 80 420 0.862168 0.901961 0.90116
320 80 420 0.862168 0.901961 0.90116
340 80 420 0.862168 0.901961 0.90116
360 80 420 0.862168 0.901961 0.90116
380 80 420 0.862168 0.901961 0.90116
300 100 420 0.862168 0.901961 0.90116
320 100 420 0.862168 0.901961 0.90116
340 100 420 0.862168 0.901961 0.90116
360 100 420 0.862168 0.901961 0.90116
380 100 420 0.862168 0.901961 0.90116
300 120 420 0.862168 0.901961 0.90116
320 120 420 0.862168 0.901961 0.90116
340 120 420 0.862168 0.901961 0.90116
360 120 420 0.862168 0.901961 0.90116
300 40 540 0.862168 0.901961 0.90116
300 40 560 0.862168 0.901961 0.90116
300 60 540 0.862168 0.901961 0.90116
300 60 560 0.862168 0.901961 0.90116
300 80 540 0.862168 0.901961 0.90116
300 80 560 0.862168 0.901961 0.90116
300 100 540 0.862168 0.901961 0.90116
300 100 560 0.862168 0.901961 0.90116
300 120 540 0.862168 0.901961 0.90116
300 120 560 0.862168 0.901961 0.90116
300 40 480 0.862168 0.901961 0.90116
300 40 440 0.862168 0.901961 0.90116
300 40 460 0.862168 0.901961 0.90116
300 60 440 0.862168 0.901961 0.90116
300 60 460 0.862168 0.901961 0.90116
300 60 480 0.862168 0.901961 0.90116
300 80 440 0.862168 0.901961 0.90116
300 80 460 0.862168 0.901961 0.90116
300 80 480 0.862168 0.901961 0.90116
300 100 440 0.862168 0.901961 0.90116
300 100 460 0.862168 0.901961 0.90116
300 100 480 0.862168 0.901961 0.90116
300 120 440 0.862168 0.901961 0.90116
300 120 460 0.862168 0.901961 0.90116
300 120 480 0.862168 0.901961 0.90116
100 120 420 0.862168 0.901961 0.90116
100 60 420 0.862168 0.901961 0.90116
120 60 420 0.862168 0.901961 0.90116
140 60 420 0.862168 0.901961 0.90116
160 60 420 0.862168 0.901961 0.90116
180 60 420 0.862168 0.901961 0.90116
200 60 420 0.862168 0.901961 0.90116
220 60 420 0.862168 0.901961 0.90116
240 60 420 0.862168 0.901961 0.90116
100 80 420 0.862168 0.901961 0.90116
120 80 420 0.862168 0.901961 0.90116
140 80 420 0.862168 0.901961 0.90116
160 80 420 0.862168 0.901961 0.90116
180 80 420 0.862168 0.901961 0.90116
200 80 420 0.862168 0.901961 0.90116
220 80 420 0.862168 0.901961 0.90116
240 80 420 0.862168 0.901961 0.90116
100 100 420 0.862168 0.901961 0.90116
120 100 420 0.862168 0.901961 0.90116
140 100 420 0.862168 0.901961 0.90116
160 100 420 0.862168 0.901961 0.90116
180 100 420 0.862168 0.901961 0.90116
200 100 420 0.862168 0.901961 0.90116
220 100 420 0.862168 0.901961 0.90116
240 100 420 0.862168 0.901961 0.90116
120 120 420 0.862168 0.901961 0.90116
140 120 420 0.862168 0.901961 0.90116
160 120 420 0.862168 0.901961 0.90116
180 120 420 0.862168 0.901961 0.90116
200 120 420 0.862168 0.901961 0.90116
220 120 420 0.862168 0.901961 0.90116
240 120 420 0.862168 0.901961 0.90116
300 120 400 0.862168 0.901961 0.90116
300 60 280 0.862168 0.901961 0.90116
300 60 300 0.862168 0.901961 0.90116
300 60 320 0.862168 0.901961 0.90116
300 60 340 0.862168 0.901961 0.90116
300 60 360 0.862168 0.901961 0.90116
300 60 380 0.862168 0.901961 0.90116
300 60 400 0.862168 0.901961 0.90116
300 80 280 0.862168 0.901961 0.90116
300 80 300 0.862168 0.901961 0.90116
300 80 320 0.862168 0.901961 0.90116
300 80 340 0.862168 0.901961 0.90116
300 80 360 0.862168 0.901961 0.90116
300 80 380 0.862168 0.901961 0.90116
300 80 400 0.862168 0.901961 0.90116
300 100 280 0.862168 0.901961 0.90116
300 100 300 0.862168 0.901961 0.90116
300 100 320 0.862168 0.901961 0.90116
300 100 340 0.862168 0.901961 0.90116
300 100 360 0.862168 0.901961 0.90116
300 100 380 0.862168 0.901961 0.90116
300 100 400 0.862168 0.901961 0.90116
300 120 280 0.862168 0.901961 0.90116
300 120 300 0.862168 0.901961 0.90116
300 120 320 0.862168 0.901961 0.90116
300 120 340 0.862168 0.901961 0.90116
300 120 360 0.862168 0.901961 0.90116
300 120 380 0.862168 0.901961 0.90116
300 60 220 0.862168 0.901961 0.90116
300 60 100 0.862168 0.901961 0.90116
300 60 120 0.862168 0.901961 0.90116
300 60 140 0.862168 0.901961 0.90116
300 60 160 0.862168 0.901961 0.90116
300 60 180 0.862168 0.901961 0.90116
300 60 200 0.862168 0.901961 0.90116
300 80 100 0.862168 0.901961 0.90116
300 80 120 0.862168 0.901961 0.90116
300 80 140 0.862168 0.901961 0.90116
300 80 160 0.862168 0.901961 0.90116
300 80 180 0.862168 0.901961 0.90116
300 80 200 0.862168 0.901961 0.90116
300 80 220 0.862168 0.901961 0.90116
300 100 100 0.862168 0.901961 0.90116
300 100 120 0.862168 0.901961 0.90116
300 100 140 0.862168 0.901961 0.90116
300 100 160 0.862168 0.901961 0.90116
300 100 180 0.862168 0.901961 0.90116
300 100 200 0.862168 0.901961 0.90116
300 100 220 0.862168 0.901961 0.90116
300 120 100 0.862168 0.901961 0.90116
300 120 120 0.862168 0.901961 0.90116
300 120 140 0.862168 0.901961 0.90116
300 120 160 0.862168 0.901961 0.90116
300 120 180 0.862168 0.901961 0.90116
300 120 200 0.941176 0.328923 0.0738178
300 120 220 0.862168 0.901961 0.90116
280 40 160 0.941176 0.328923 0.0738178
200 40 160 0.941176 0.328923 0.0738178
200 40 180 0.941176 0.328923 0.0738178
200 40 200 0.941176 0.328923 0.0738178
220 40 160 0.941176 0.328923 0.0738178
220 40 180 0.941176 0.328923 0.0738178
220 40 200 0.941176 0.328923 0.0738178
240 40 160 0.941176 0.328923 0.0738178
240 40 180 0.941176 0.328923 0.0738178
240 40 200 0.941176 0.328923 0.0738178
260 40 160 0.941176 0.328923 0.0738178
260 40 180 0.941176 0.328923 0.0738178
260 40 200 0.941176 0.328923 0.0738178
280 40 180 0.941176 0.328923 0.0738178
280 40 200 0.941176 0.328923 0.0738178
280 80 160 0.941176 0.328923 0.0738178
220 60 160 0.220588 0.214482 0.211938
220 60 180 0.220588 0.214482 0.211938
220 60 200 0.941176 0.328923 0.0738178
240 60 160 0.941176 0.328923 0.0738178
240 60 180 0.941176 0.328923 0.0738178
240 60 200 0.941176 0.328923 0.0738178
260 60 160 0.941176 0.328923 0.0738178
260 60 180 0.941176 0.328923 0.0738178
260 60 200 0.941176 0.328923 0.0738178
280 60 160 0.941176 0.328923 0.0738178
280 60 180 0.941176 0.328923 0.0738178
280 60 200 0.941176 0.328923 0.0738178
220 80 160 0.941176 0.328923 0.0738178
220 80 180 0.941176 0.328923 0.0738178
220 80 200 0.941176 0.328923 0.0738178
240 80 160 0.941176 0.328923 0.0738178
240 80 180 0.941176 0.328923 0.0738178
240 80 200 0.941176 0.328923 0.0738178
260 80 160 0.941176 0.328923 0.0738178
260 80 180 0.941176 0.328923 0.0738178
260 80 200 0.941176 0.328923 0.0738178
280 80 180 0.941176 0.328923 0.0738178
280 80 200 0.941176 0.328923 0.0738178
200 60 200 0.941176 0.328923 0.0738178
200 80 200 0.941176 0.328923 0.0738178
280 100 200 0.941176 0.328923 0.0738178
280 100 180 0.941176 0.328923 0.0738178
260 100 180 0.941176 0.328923 0.0738178
260 100 200 0.941176 0.328923 0.0738178
280 120 180 0.941176 0.328923 0.0738178
280 120 200 0.941176 0.328923 0.0738178
260 120 200 0.941176 0.328923 0.0738178
260 120 180 0.941176 0.328923 0.0738178
280 140 180 0.941176 0.328923 0.0738178
260 140 180 0.941176 0.328923 0.0738178
260 140 200 0.941176 0.328923 0.0738178
280 140 200 0.941176 0.328923 0.0738178
280 160 180 0.941176 0.328923 0.0738178
260 160 180 0.941176 0.328923 0.0738178
260 160 200 0.941176 0.328923 0.0738178
280 160 200 0.941176 0.328923 0.0738178
340 40 180 0.941176 0.328923 0.0738178
340 40 200 0.941176 0.328923 0.0738178
340 40 220 0.941176 0.328923 0.0738178
360 40 180 0.941176 0.328923 0.0738178
360 40 200 0.941176 0.328923 0.0738178
360 40 220 0.941176 0.328923 0.0738178
380 40 180 0.941176 0.328923 0.0738178
380 40 200 0.941176 0.328923 0.0738178
380 40 220 0.941176 0.328923 0.0738178
340 60 180 0.941176 0.328923 0.0738178
340 60 200 0.941176 0.328923 0.0738178
340 60 220 0.941176 0.328923 0.0738178
360 60 180 0.941176 0.328923 0.0738178
360 60 200 0.941176 0.328923 0.0738178
360 60 220 0.220588 0.214482 0.211938
380 60 180 0.941176 0.328923 0.0738178
380 60 200 0.941176 0.328923 0.0738178
380 60 220 0.941176 0.328923 0.0738178
340 80 180 0.941176 0.328923 0.0738178
340 80 200 0.941176 0.328923 0.0738178
340 80 220 0.941176 0.328923 0.0738178
360 80 180 0.941176 0.328923 0.0738178
360 80 200 0.941176 0.328923 0.0738178
360 80 220 0.941176 0.328923 0.0738178
380 80 180 0.941176 0.328923 0.0738178
380 80 200 0.941176 0.328923 0.0738178
380 80 220 0.941176 0.328923 0.0738178
340 100 180 0.941176 0.328923 0.0738178
340 100 200 0.941176 0.328923 0.0738178
340 100 220 0.941176 0.328923 0.0738178
360 100 180 0.941176 0.328923 0.0738178
360 100 200 0.941176 0.328923 0.0738178
360 100 220 0.941176 0.328923 0.0738178
380 100 180 0.941176 0.328923 0.0738178
380 100 200 0.941176 0.328923 0.0738178
380 100 220 0.941176 0.328923 0.0738178
340 120 180 0.941176 0.328923 0.0738178
340 120 200 0.941176 0.328923 0.0738178
340 120 220 0.941176 0.328923 0.0738178
360 120 180 0.941176 0.328923 0.0738178
360 120 200 0.941176 0.328923 0.0738178
360 120 220 0.941176 0.328923 0.0738178
380 120 180 0.941176 0.328923 0.0738178
380 120 200 0.941176 0.328923 0.0738178
380 120 220 0.941176 0.328923 0.0738178
320 120 200 0.941176 0.328923 0.0738178
100 40 80 1 0.999993 0.99999
100 40 100 1 0.999993 0.99999
100 60 100 0.406863 0.40686 0.406859
120 40 100 0.406863 0.40686 0.406859
120 60 100 0.406863 0.40686 0.406859
100 40 120 0.406863 0.40686 0.406859
120 40 120 0.406863 0.40686 0.406859
120 60 120 0.406863 0.40686 0.406859
100 60 120 0.406863 0.40686 0.406859
100 60 140 0.618897 0.921569 0.903892
100 60 160 0.618897 0.921569 0.903892
100 60 180 0.618897 0.921569 0.903892
100 60 200 0.618897 0.921569 0.903892
100 60 220 0.362741 0.362745 0.362745
100 80 240 0.618897 0.921569 0.903892
100 40 240 0.618897 0.921569 0.903892
100 60 240 0.618897 0.921569 0.903892
100 100 240 0.618897 0.921569 0.903892
100 40 260 0.618897 0.921569 0.903892
100 60 260 0.618897 0.921569 0.903892
100 80 260 0.618897 0.921569 0.903892
100 100 260 0.618897 0.921569 0.903892
320 40 380 0.494281 0.822224 0.833333
320 40 320 0.494281 0.822224 0.833333
320 40 340 0.494281 0.822224 0.833333
320 40 360 0.494281 0.822224 0.833333
320 100 380 0.186273 0.186274 0.186275
320 80 320 0.186273 0.186274 0.186275
320 80 340 0.186273 0.186274 0.186275
320 80 360 0.186273 0.186274 0.186275
320 80 380 0.186273 0.186274 0.186275
320 100 320 0.186273 0.186274 0.186275
320 100 340 0.186273 0.186274 0.186275
320 100 360 0.186273 0.186274 0.186275
80 100 160 0.186273 0.186274 0.186275
400 40 380 0.646482 0.862344 0.867647
400 40 320 0.646482 0.862344 0.867647
400 40 340 0.646482 0.862344 0.867647
400 40 360 0.646482 0.862344 0.867647
420 40 320 0.646482 0.862344 0.867647
420 40 340 0.646482 0.862344 0.867647
420 40 360 0.646482 0.862344 0.867647
420 40 380 0.646482 0.862344 0.867647
420 60 320 0.646482 0.862344 0.867647
420 60 380 0.646482 0.862344 0.867647
420 60 360 0.646482 0.862344 0.867647
420 60 340 0.646482 0.862344 0.867647
400 60 380 0.646482 0.862344 0.867647
400 60 320 0.646482 0.862344 0.867647
540 60 320 0.823529 0.460206 0
500 60 320 0.823529 0.460206 0
540 40 180 0.823529 0.460206 0
500 40 180 0.823529 0.460206 0
500 60 180 0.823529 0.460206 0
540 60 180 0.823529 0.460206 0
540 60 300 0.823529 0.460206 0
520 60 200 0.823529 0.460206 0
520 60 220 0.823529 0.460206 0
520 60 240 0.823529 0.460206 0
520 60 260 0.823529 0.460206 0
520 60 280 0.823529 0.460206 0
520 60 300 0.823529 0.460206 0
540 60 200 0.823529 0.460206 0
540 60 220 0.823529 0.460206 0
540 60 240 0.823529 0.460206 0
540 60 260 0.823529 0.460206 0
540 60 280 0.823529 0.460206 0
540 40 320 0.823529 0.460206 0
500 40 320 0.823529 0.460206 0
520 60 320 0.823529 0.460206 0
500 60 200 0.823529 0.460206 0
500 60 220 0.823529 0.460206 0
500 60 240 0.823529 0.460206 0
500 60 260 0.823529 0.460206 0
500 60 280 0.823529 0.460206 0
500 60 300 0.823529 0.460206 0
520 60 180 0.823529 0.460206 0
460 40 200 0.823529 0.460206 0
460 40 240 0.823529 0.460206 0
460 40 280 0.823529 0.460206 0
320 40 120 0.416667 0.274653 0.0142974
380 40 100 0.416667 0.274653 0.0142974
320 40 100 0.416667 0.274653 0.0142974
340 40 100 0.416667 0.274653 0.0142974
360 40 100 0.416667 0.274653 0.0142974
340 40 120 0.416667 0.274653 0.0142974
360 40 120 0.416667 0.274653 0.0142974
380 40 120 0.416667 0.274653 0.0142974
320 80 100 0.416667 0.274653 0.0142974
340 80 100 0.416667 0.274653 0.0142974
360 80 100 0.416667 0.274653 0.0142974
380 80 100 0.416667 0.274653 0.0142974
320 80 120 0.416667 0.274653 0.0142974
340 80 120 0.416667 0.274653 0.0142974
360 80 120 0.416667 0.274653 0.0142974
380 80 120 0.416667 0.274653 0.0142974
580 40 400 0.416667 0.274653 0.0142974
560 40 400 0.416667 0.274653 0.0142974
540 40 400 0.416667 0.274653 0.0142974
520 40 400 0.416667 0.274653 0.0142974
580 40 100 0.416667 0.274653 0.0142974
560 40 100 0.416667 0.274653 0.0142974
540 40 100 0.416667 0.274653 0.0142974
520 40 100 0.416667 0.274653 0.0142974
100 40 440 0.416667 0.274653 0.0142974
120 40 440 0.416667 0.274653 0.0142974
140 40 440 0.416667 0.274653 0.0142974
160 40 440 0.416667 0.274653 0.0142974
180 40 440 0.416667 0.274653 0.0142974
200 40 440 0.416667 0.274653 0.0142974
220 40 440 0.416667 0.274653 0.0142974
100 60 440 0.416667 0.274653 0.0142974
120 60 440 0.416667 0.274653 0.0142974
100 80 440 0.416667 0.274653 0.0142974
120 80 440 0.416667 0.274653 0.0142974
100 100 440 0.416667 0.274653 0.0142974
120 100 440 0.416667 0.274653 0.0142974
100 120 440 0.416667 0.274653 0.0142974
120 120 440 0.416667 0.274653 0.0142974
160 60 440 0.416667 0.274653 0.0142974
180 60 440 0.416667 0.274653 0.0142974
160 80 440 0.416667 0.274653 0.0142974
180 80 440 0.416667 0.274653 0.0142974
160 100 440 0.416667 0.274653 0.0142974
180 100 440 0.416667 0.274653 0.0142974
160 120 440 0.416667 0.274653 0.0142974
180 120 440 0.416667 0.274653 0.0142974
100 40 540 0.416667 0.274653 0.0142974
100 40 560 0.416667 0.274653 0.0142974
100 60 560 0.416667 0.274653 0.0142974
100 60 540 0.416667 0.274653 0.0142974
120 40 560 0.416667 0.274653 0.0142974
120 40 540 0.416667 0.274653 0.0142974
320 40 440 0.416667 0.274653 0.0142974
340 40 440 0.416667 0.274653 0.0142974
360 40 440 0.416667 0.274653 0.0142974
380 40 440 0.416667 0.274653 0.0142974
320 80 440 0.416667 0.274653 0.0142974
340 80 440 0.416667 0.274653 0.0142974
360 80 440 0.416667 0.274653 0.0142974
380 80 440 0.416667 0.274653 0.0142974
380 40 480 0.416667 0.274653 0.0142974
380 40 500 0.416667 0.274653 0.0142974
380 40 520 0.416667 0.274653 0.0142974
380 40 540 0.416667 0.274653 0.0142974
380 80 480 0.416667 0.274653 0.0142974
380 80 500 0.416667 0.274653 0.0142974
380 80 520 0.416667 0.274653 0.0142974
380 80 540 0.416667 0.274653 0.0142974
180 120 80 0.941176 0.941167 0.941167
440 120 80 0.899558 0.936275 0.929889
100 40 340 0.401384 0.852941 0.773255
100 40 300 0.401384 0.852941 0.773255
100 40 320 0.401384 0.852941 0.773255
100 80 340 0.401384 0.852941 0.773255
100 80 300 0.401384 0.852941 0.773255
100 80 320 0.401384 0.852941 0.773255
160 40 100 0.401384 0.852941 0.773255
180 40 100 0.401384 0.852941 0.773255
200 40 100 0.401384 0.852941 0.773255
160 80 100 0.401384 0.852941 0.773255
180 80 100 0.401384 0.852941 0.773255
200 80 100 0.401384 0.852941 0.773255
